1000
 567
 973
 863
 598
 408
 672
 898
 251
 278
 632
 306
 720
 772
  81
 868
 570
 493
 760
 837
 262
 516
 564
 744
 728
 793
 880
 183
 483
 853
 844
 195
 708
 940
 297
 139
 471
 977
 652
 666
 404
 579
 145
 339
 353
 729
 551
 104
 838
  74
 707
 799
 703
 523
 922
 620
 569
 427
 978
 474
 448
 129
 710
 441
 953
 599
 264
 375
 223
 692
 344
 840
 366
 675
 201
 951
 821
 347
 271
 836
 438
 166
 134
 876
 756
 367
 204
 998
 625
 546
 171
 790
 637
 437
 311
 804
 189
  33
 508
 534
 693
 894
 477
 327
 615
 400
 317
  44
 472
 244
 829
 152
 172
 614
   6
 409
 553
 668
 798
 706
 291
 415
 519
 101
 485
 691
 854
 773
 254
 421
 246
 369
 557
  72
 222
 136
 667
 286
 921
 832
 200
 669
 956
 636
 385
 176
 885
 341
 156
 874
 478
 119
 897
 933
 824
 198
 850
 423
 147
 782
 906
 399
  84
 731
   4
 374
 381
 252
 908
 531
 159
 891
 895
 389
 864
 293
 969
 587
 665
 350
 211
 595
 568
 843
  71
 361
 167
 140
 463
 607
 490
 855
 164
 889
 209
 981
 417
 990
 816
 702
 893
 181
 447
 817
   3
 126
 986
 358
 563
 807
 815
 970
 759
  87
 604
 479
 934
 971
 289
 310
 688
 923
 466
 822
 492
 676
 950
 396
 173
 842
 387
 959
 677
 434
 732
 384
 115
 123
 186
 142
 249
  50
 609
 588
 613
 927
 318
 639
 581
 300
 870
 629
 237
 247
 718
  49
 245
 561
 428
 967
  68
 208
 963
 440
 964
 276
 150
  11
 305
 778
 979
 957
 256
 867
 589
 526
 699
 161
 125
 610
 820
 555
 270
 873
 823
 511
 544
  14
 307
  16
 304
 206
 711
 292
 857
 726
 899
 348
 560
 132
 585
 896
 333
 133
 120
 457
  15
  82
 334
 918
 917
 559
 792
 704
 242
 833
  66
 932
 112
  46
 231
 930
 835
 225
 148
 386
 146
 116
 928
 338
 646
 185
 411
 397
 355
 179
  19
 617
 199
 528
 532
 952
 481
  64
 449
 996
 269
 860
 330
 512
 697
  10
  56
 734
 733
  52
 518
 839
 346
 882
 698
 328
 603
 351
 154
 694
 800
 190
  78
 626
 784
 365
 359
 735
 263
 149
 583
  65
 131
 413
 356
 163
 861
 296
 576
 475
 196
 848
  17
 352
  36
 573
 643
 253
 683
 321
 939
  28
 524
 217
  94
 671
  27
 993
  12
 780
 422
 612
 696
 989
 901
 937
  60
 281
 757
 302
 700
 856
 847
 107
 972
 160
 484
 642
 851
 514
 320
 506
 543
 267
 890
 654
 153
 872
 935
 122
 323
 825
 103
 884
 520
 983
 909
 549
1000
 689
 709
 976
 794
 295
 929
 157
 460
 682
 548
 239
 961
 849
 768
  92
 685
 827
  55
 435
 410
 819
  20
 801
 960
 539
 542
 250
 128
 736
 303
 260
 653
 453
 987
 911
 110
 266
 781
 740
 436
 155
 495
 442
  37
 137
 205
 529
 392
 674
 450
 290
 364
 739
 494
 403
 197
 180
 378
 622
 443
 319
 141
 439
 275
 426
  31
 721
 109
 212
 737
 649
 538
 236
 316
 663
 192
 210
 661
 243
  39
 965
 261
 724
 342
 717
 314
 469
 315
 657
 298
 774
 938
 812
 580
 813
 184
 535
 955
 616
 777
 130
 596
 517
 635
 345
 949
 299
 452
 273
 406
 456
 776
 114
 745
 947
 430
  73
  25
 809
 433
 468
 294
 108
   1
 877
 814
 372
 496
 859
 701
 277
 601
 936
 214
 227
 992
 169
 628
 766
 213
 758
  34
 283
 395
 650
 789
 229
 924
 248
 158
 802
 765
 431
 530
  61
 565
 946
 424
 541
 590
 337
 912
 751
 931
 464
 719
  21
 785
 554
 241
 377
 255
 866
 113
 174
  42
 486
 578
   7
 177
 705
 257
 941
 680
 380
 509
 343
 892
 660
  67
 888
 504
 405
 462
  86
 521
 268
 111
 121
 308
 540
 673
 228
 662
 619
 325
 916
 915
 446
 606
  95
 279
 796
 363
  83
 594
  98
  45
 645
 980
 336
 536
 513
 499
 388
  77
 714
 881
 240
 597
 879
 846
 461
 285
 105
 905
 501
 900
 407
 982
 640
 234
 470
 985
 742
 127
 788
 761
 383
 280
 357
  91
 586
  26
 138
  29
 219
 627
 482
 571
  97
 966
 558
 725
 312
 354
 188
 331
 373
 398
 454
  89
 664
  69
  43
 473
 416
 507
 648
 769
 954
 752
 178
 322
 545
 379
 633
 118
 498
 805
  70
 582
 712
 602
 886
 232
 505
 852
 914
 779
 467
 727
  93
 621
  47
 755
 527
 592
 775
  99
   8
 641
 883
 432
 412
 522
  54
 871
 926
 525
 722
 651
 215
 974
 489
 106
  18
   5
 862
  57
 135
 191
 747
 644
 944
  76
  41
 791
 678
 834
 770
 831
 282
 994
 419
 547
  30
 216
 748
 207
 723
 845
 362
 575
 713
  35
 170
 997
 414
 288
 552
 272
 391
 925
 869
 681
 332
 515
 349
 117
 220
 658
 233
 695
  13
  53
 618
 309
  24
 510
 591
 811
 684
  23
 655
 370
 458
 230
 235
 795
 962
 502
 999
 746
 919
  85
 715
 491
 393
 182
 803
 858
 326
   2
 577
 904
  22
 402
 313
 975
 887
 945
 390
 631
 376
   9
 444
 287
 753
  40
 226
 910
 828
  58
 584
 764
 623
 991
 382
 865
 259
 533
 984
 716
  80
 143
 224
 455
 988
 659
 686
 203
 749
 841
 767
 335
 274
 187
 497
 943
  75
  62
  88
 420
 451
 690
  38
 480
 401
 771
 556
 550
 340
 634
 284
 826
 418
 783
 787
 593
  79
 907
 503
 958
 808
 630
 786
 797
 743
  48
 562
 165
 656
 920
 487
 476
 371
 124
 968
 679
 265
 687
 238
 368
 572
 488
 329
 670
 830
 948
  32
 762
 763
 100
 144
 806
 324
 445
 465
  63
 600
 605
 202
 162
 574
 394
  51
 168
  90
 995
  59
 730
 750
 537
 903
 429
 647
 810
 741
 194
 608
 500
 258
 878
 818
 193
 913
 102
 301
 151
 566
 175
 738
  96
 611
 221
 875
 942
 754
 459
 638
 902
 624
 218
 425
 360
